-0.070
0.767
-0.301
-0.771
0.568
-0.626
0.091
-0.545
0.355
-0.352
0.021
-0.125
0.618
-0.219
0.779
0.256
0.917
-0.482
0.367
-0.241
-0.820
0.934
-0.682
0.732
0.004
0.079
-0.213
0.853
0.347
-0.134
0.951
-0.712
0.969
0.970
-0.720
0.606
0.804
0.261
-0.523
0.043
-0.642
-0.248
-0.275
-0.886
-0.849
-0.366
-0.672
-0.287
-0.764
0.056
-0.454
0.631
-0.983
-0.204
-0.345
0.737
-0.837
0.977
-0.854
-0.684
0.430
0.895
-0.723
0.843
0.313
-0.872
0.227
0.441
0.918
-0.515
-0.598
-0.699
-0.482
0.153
0.010
0.423
0.875
0.472
0.655
0.435
-0.622
-0.270
-0.482
-0.705
0.802
0.107
0.277
0.733
0.143
0.143
-0.548
0.960
-0.458
0.227
0.336
0.852
0.880
0.151
0.732
-0.936
-0.976
0.194
0.038
0.863
-0.551
-0.097
0.980
0.087
-0.721
0.288
-0.489
0.005
-0.714
0.322
-0.294
0.351
-0.561
-0.345
0.509
0.469
0.073
-0.678
0.818
0.794
0.739
0.003
0.516
-0.263
-0.760
0.544
-0.811
-0.212
0.324
-0.092
0.023
-0.586
-0.357
0.048
-0.794
0.595
0.443
0.711
0.606
0.140
0.179
-0.382
0.631
0.752
-0.360
-0.890
-0.151
0.631
-0.003
-0.729
0.102
-0.059
-0.345
0.185
-0.204
0.689
0.830
0.964
-0.854
-0.226
0.199
-0.522
-0.437
-0.091
0.530
0.730
0.009
-0.505
0.652
-0.393
-0.273
0.688
-0.588
0.268
-0.611
0.531
0.493
0.728
0.210
0.136
0.488
-0.212
0.230
-0.048
-0.406
-0.316
0.032
0.720
-0.517
-0.302
0.925
0.586
0.261
-0.702
0.302
-0.148
-0.310
0.510
0.288
-0.814
0.988
-0.083
-0.612
-0.263
0.921
-0.383
0.560
-0.068
0.058
0.257
0.989
0.069
-0.095
0.082
-0.103
-0.577
0.920
-0.732
0.063
0.505
0.735
0.277
0.348
-0.181
-0.109
-0.231
0.707
0.290
-0.390
0.032
0.505
-0.876
0.109
-0.609
0.852
-0.936
0.846
0.068
-0.781
0.112
0.500
0.111
0.215
0.779
-0.025
0.225
-0.493
-0.122
-0.197
0.263
0.307
0.066
0.626
-0.320
0.272
0.269
0.877
0.826
-0.124
0.357
0.751
-0.471
0.985
-0.846
-0.372
-0.740
0.572
0.536
0.985
0.026
0.527
-0.744
-0.745
0.782
-0.657
-0.864
0.332
-0.273
0.411
-0.778
0.300
0.037
0.300
0.126
0.610
0.342
0.430
-0.005
-0.954
-0.145
-0.448
-0.830
0.595
-0.032
0.829
-0.230
0.572
-0.708
0.508
0.978
0.704
0.753
-0.713
0.514
0.845
-0.215
0.096
0.800
-0.565
0.802
0.117
-0.122
-0.412
0.811
-0.366
-0.968
0.359
-0.102
-0.343
0.887
0.151
0.233
0.787
-0.583
-0.327
0.836
-0.511
0.426
0.386
-0.601
-0.256
-0.750
-0.637
-0.627
0.104
-0.773
0.203
-0.117
-0.399
-0.541
0.643
0.212
-0.333
0.165
-0.628
-0.953
0.608
0.007
0.824
0.353
0.592
-0.617
-0.531
-0.214
0.447
0.842
-0.106
-0.567
-0.083
-0.476
-0.085
-0.202
-0.473
0.577
0.182
0.407
0.067
-0.612
0.411
-0.817
-0.603
-0.958
0.730
0.432
-0.579
-0.725
0.711
-0.580
-0.171
0.480
-0.097
-0.438
0.086
0.192
-0.376
-0.658
0.000
0.943
-0.968
0.558
-0.354
-0.806
-0.610
0.241
0.430
0.163
-0.516
0.148
-0.290
0.307
-0.017
0.763
0.908
-0.431
0.286
0.243
-0.046
-0.408
0.191
0.552
0.712
0.706
-0.519
-0.957
0.715
0.818
0.334
-0.486
0.698
0.505
0.178
-0.148
-0.439
-0.934
-0.113
-0.082
0.813
-0.311
-0.914
-0.842
-0.421
0.119
0.289
0.673
-0.826
-0.104
-0.763
0.218
0.892
0.285
-0.535
-0.789
-0.253
-0.634
-0.545
-0.817
-0.265
0.067
0.693
-0.392
-0.326
0.782
-0.105
0.743
0.147
-0.787
0.142
-0.020
0.839
0.352
-0.220
0.885
-0.843
0.768
-0.950
0.743
-0.589
-0.491
-0.124
-0.190
-0.747
-0.130
-0.113
-0.866
0.869
-0.489
-0.858
0.037
0.644
0.137
0.037
0.261
0.827
0.836
-0.567
-0.926
0.012
0.329
-0.000
0.075
0.437
0.556
0.011
0.918
-0.059
0.030
-0.469
0.413
-0.672
0.714
0.852
-0.372
0.932
-0.478
-0.115
-0.845
0.576
-0.094
-0.973
-0.073
-0.492
0.108
-0.027
-0.369
-0.200
-0.654
0.045
0.169
0.295
0.842
-0.202
-0.668
0.754
0.146
-0.800
0.216
-0.686
0.331
0.432
-0.348
0.409
0.379
-0.058
0.307
0.488
0.078
0.420
-0.695
0.677
-0.754
-0.564
0.433
0.930
0.291
0.257
-0.858
-0.648
-0.482
-0.849
-0.639
-0.249
-0.645
0.495
0.538
-0.295
0.625
-0.864
0.859
-0.535
-0.372
-0.697
-0.477
0.193
-0.360
0.781
0.116
0.712
-0.088
0.242
0.909
-0.531
-0.817
-0.763
0.582
0.875
0.258
0.176
-0.592
0.139
-0.591
0.283
-0.541
-0.192
0.626
0.108
0.609
-0.525
0.907
-0.130
0.221
0.862
-0.406
0.393
0.100
-0.900
0.271
0.879
-0.351
0.604
0.127
0.659
-0.926
-0.048
-0.046
0.558
0.677
-0.466
0.029
-0.158
0.517
-0.158
0.096
-0.927
-0.410
0.402
0.686
0.458
0.664
-0.134
-0.384
-0.041
0.730
-0.503
-0.125
-0.982
0.736
-0.732
-0.622
-0.899
0.347
0.104
-0.222
-0.899
-0.937
0.615
0.747
-0.432
0.848
-0.679
-0.020
-0.200
0.062
0.059
0.630
0.751
-0.480
0.679
-0.574
0.406
0.027
-0.486
0.284
0.584
-0.790
0.167
-0.174
-0.064
-0.586
0.100
0.018
-0.794
-0.049
-0.176
0.048
0.043
-0.909
0.538
0.079
-0.857
0.335
0.190
-0.466
-0.222
-0.353
0.090
-0.649
-0.262
0.670
-0.976
-0.514
0.843
-0.090
0.267
0.472
0.665
-0.702
0.203
0.889
-0.817
-0.605
0.714
0.694
-0.294
-0.863
0.092
0.641
-0.634
-0.344
-0.407
0.436
-0.415
0.856
0.375
-0.401
-0.398
-0.454
-0.178
-0.125
0.035
0.909
-0.073
-0.031
-0.601
-0.452
0.975
-0.608
-0.434
0.817
-0.341
-0.102
0.719
-0.999
-0.713
-0.471
-0.497
-0.333
-0.742
0.181
-0.230
0.363
0.443
0.525
0.956
-0.770
0.970
-0.378
0.606
-0.897
-0.167
-0.872
0.435
0.757
0.485
0.972
0.680
0.480
-0.906
-0.192
0.323
0.247
-0.109
0.345
