0.303
0.339
0.954
-0.728
0.565
0.181
0.284
-0.280
-0.195
0.692
0.778
0.547
0.494
-0.618
-0.860
-0.319
-0.270
-0.264
-0.054
-0.676
-0.092
-0.470
0.544
-0.017
0.874
-0.121
0.295
-0.780
-0.654
-0.264
-0.304
0.807
-0.417
0.941
0.318
0.519
-0.368
0.658
-0.721
-0.923
-0.620
0.834
0.671
-0.330
-0.376
-0.380
-0.093
0.277
-0.498
0.136
0.196
-0.552
-0.367
-0.011
0.777
-0.126
-0.212
0.724
0.714
0.735
-0.249
-0.849
-0.382
-0.435
0.515
0.777
-0.189
-0.748
-0.584
0.634
0.243
0.159
-0.381
0.684
-0.232
-0.059
-0.666
-0.689
0.004
0.689
0.360
0.682
-0.799
0.478
0.007
-0.432
0.504
-0.129
-0.860
0.386
-0.397
0.245
-0.267
0.768
0.164
0.190
0.321
0.305
0.317
-0.146
0.155
-0.569
-0.977
-0.702
0.952
-0.729
-0.571
0.684
0.861
-0.897
-0.488
0.356
0.216
-0.712
0.717
-0.157
0.512
0.581
-0.704
0.556
0.159
0.437
-0.108
0.725
0.114
0.722
-0.873
-0.596
-0.109
-0.069
0.573
0.930
-0.361
-0.595
-0.537
-0.851
-0.157
0.282
0.737
-0.136
0.666
0.059
0.129
0.285
0.047
0.065
-0.056
-0.959
0.347
-0.356
-0.434
0.717
0.485
0.860
-0.885
0.618
-0.194
-0.716
-0.552
-0.762
0.843
-0.562
0.134
-0.132
0.939
0.905
-0.449
0.426
0.020
0.010
0.472
0.883
0.490
-0.404
0.240
0.433
-0.343
0.130
-0.061
0.295
-0.887
0.653
-0.167
0.129
-0.891
-0.781
-0.799
-0.641
0.975
0.986
-0.712
0.562
0.536
0.375
0.684
0.279
0.204
-0.346
0.871
-0.118
-0.187
0.613
0.647
0.927
0.974
-0.474
-0.958
0.776
0.181
-0.425
0.110
-0.697
0.995
-0.237
-0.268
0.367
0.767
-0.579
-0.160
-0.946
0.078
-0.424
-0.399
0.399
0.059
-0.749
-0.011
-0.604
-0.085
0.460
0.385
0.889
0.541
0.345
-0.544
-0.127
-0.572
0.215
-0.611
0.246
-0.826
0.791
-0.517
-0.139
-0.599
0.112
0.201
-0.608
-0.157
0.179
-0.976
0.255
0.378
0.050
-0.464
-0.206
-0.903
-0.969
-0.698
-0.149
-0.056
0.617
0.984
-0.407
0.689
0.709
0.110
0.073
-0.081
-0.954
-0.025
0.354
-0.555
0.257
-0.866
0.999
-0.354
-0.904
0.371
0.702
-0.882
-0.812
-0.140
0.528
-0.894
0.041
-0.044
0.782
0.168
0.371
0.129
-0.206
-0.617
0.334
0.413
0.431
-0.743
0.189
-0.320
0.584
0.538
0.346
0.891
0.149
-0.966
-0.081
0.585
0.544
-0.416
-0.375
-0.769
0.029
0.646
-0.235
0.629
0.162
-0.309
-0.342
0.472
0.335
0.770
-0.338
-0.268
0.548
-0.640
0.501
0.210
0.010
-0.527
0.517
-0.450
0.381
0.113
-0.175
0.742
0.241
0.236
-0.238
-0.480
0.770
-0.771
-0.941
0.763
-0.961
0.618
-0.295
-0.026
-0.418
-0.675
0.155
-0.501
0.412
0.398
-0.053
0.610
-0.982
-0.363
0.670
-0.029
-0.377
0.175
-0.607
-0.151
0.115
-0.684
0.911
-0.601
0.037
-0.993
0.344
-0.378
-0.360
-0.459
-0.907
-0.390
-0.986
-0.843
-0.743
0.967
-0.369
0.366
0.304
0.667
0.294
0.909
0.155
-0.280
-0.997
-0.306
0.389
0.076
-0.185
0.688
-0.702
-0.251
-0.418
-0.907
-0.008
0.793
-0.936
0.347
-0.332
-0.406
-0.551
0.552
0.424
0.337
-0.702
0.117
-0.878
0.635
-0.196
-0.871
-0.367
0.942
-0.195
-0.751
-0.744
0.129
0.739
0.518
0.336
0.958
0.436
0.658
0.469
-0.707
-0.392
-0.391
0.330
0.039
0.865
-0.511
0.866
-0.612
-0.721
-0.576
-0.096
-0.768
0.749
0.046
0.074
-0.314
0.943
-0.870
-0.891
0.800
-0.967
0.052
0.013
0.647
-0.444
0.801
0.551
0.381
-0.452
-0.925
-0.510
0.592
-0.580
-0.248
-0.720
-0.312
-0.135
0.357
-0.819
-0.622
0.782
0.011
-0.504
0.873
0.337
-0.047
0.695
-0.627
0.880
0.192
-0.846
-0.354
-0.122
-0.083
0.831
-0.775
0.539
-0.848
-0.884
-0.415
-0.126
0.986
0.228
-0.906
0.763
0.162
-0.556
0.804
0.362
-0.762
0.432
-0.360
-0.470
0.153
-0.929
0.955
-0.714
-0.005
0.690
0.883
0.836
-0.336
-0.728
0.548
-0.490
0.107
-0.566
0.669
0.341
-0.616
0.623
-0.454
0.693
0.329
-0.219
-0.674
-0.797
0.963
-0.945
0.452
0.961
-0.316
0.575
-0.813
-0.092
0.238
0.050
0.822
-0.239
0.681
-0.271
0.012
0.397
-0.127
0.058
-0.278
-0.293
-0.032
-0.364
-0.613
0.804
0.139
0.231
-0.905
-0.497
0.559
0.402
0.591
0.536
-0.965
0.267
-0.745
-0.409
0.149
0.122
-0.833
0.335
-0.387
0.349
0.174
-0.344
0.753
-0.665
0.369
-0.127
-0.274
0.764
0.098
0.032
0.371
-0.223
-0.805
0.873
-0.466
-0.720
0.564
-0.922
0.205
-0.281
0.018
0.494
0.925
0.425
-0.519
0.787
0.469
0.998
0.078
0.903
-0.261
-0.978
-0.592
0.687
-0.408
0.348
-0.380
-0.193
0.865
-0.723
-0.097
0.120
-0.665
-0.520
-0.597
0.993
-0.492
-0.693
0.014
-0.775
0.764
-0.362
0.800
-0.515
-0.163
0.078
-0.683
0.530
-0.382
0.499
0.392
0.615
-0.487
0.032
-0.020
-0.337
-0.987
0.849
-0.068
0.835
-0.509
0.164
-0.652
-0.130
-0.154
-0.072
-0.102
0.737
0.214
-0.550
0.168
-0.017
0.042
-0.283
-0.860
0.923
-0.902
-0.881
-0.605
-0.215
0.178
-0.599
-0.234
0.350
0.631
0.451
-0.360
0.201
-0.757
-0.552
-0.329
0.978
-0.689
0.119
0.114
0.425
-0.865
-0.077
-0.395
-0.599
0.640
-0.888
0.211
0.440
-0.170
0.963
-0.777
0.646
-0.473
0.249
-0.442
0.187
-0.213
0.618
0.852
-0.272
-0.303
-0.685
-0.823
-0.320
0.991
0.198
0.978
0.060
-0.688
0.607
-0.058
0.508
0.965
-0.146
0.268
-0.917
0.480
0.326
0.328
0.188
0.365
0.158
0.193
-0.499
-0.151
-0.552
0.566
0.041
0.973
-0.601
-0.649
0.148
0.104
0.633
0.121
-0.246
0.150
-0.717
0.427
-0.937
-0.560
0.178
0.599
-0.372
-0.322
0.354
0.144
0.641
0.469
-0.526
0.533
0.887
-0.675
-0.118
0.477
-0.565
-0.251
0.196
0.752
-0.527
-0.785
-0.618
-0.120
0.525
