0.610
-0.102
0.442
-0.962
-0.331
-0.311
-0.513
0.837
-0.007
-0.060
-0.289
0.724
0.508
-0.271
-0.449
-0.657
-0.193
-0.634
0.793
-0.613
-0.152
0.295
0.823
0.389
0.848
-0.084
-0.514
-0.056
-0.853
-0.253
-0.942
-0.553
-0.582
0.247
0.376
0.982
-0.277
0.608
0.015
0.123
0.115
0.945
0.989
0.466
0.868
0.925
0.514
-0.110
0.940
-0.011
0.606
0.342
0.179
-0.911
0.138
-0.233
0.897
0.725
-0.726
0.356
0.844
0.931
-0.973
0.914
-0.356
-0.899
0.254
-0.162
0.885
-0.621
-0.344
-0.217
-0.044
0.862
0.230
-0.616
-0.006
0.642
-0.513
-0.098
0.230
-0.357
0.006
-0.558
-0.666
0.144
0.326
0.601
-0.934
-0.191
0.467
0.032
0.480
-0.447
0.651
0.713
0.117
0.906
0.768
-0.021
0.102
0.258
0.927
0.552
-0.535
0.300
0.212
-0.964
0.535
-0.107
-0.109
-0.824
0.536
0.437
0.074
0.829
-0.805
-0.351
-0.881
-0.381
-0.305
-0.898
-0.331
0.215
-0.923
0.536
0.778
-0.433
-0.836
-0.419
-0.185
-0.729
-0.726
0.231
0.298
0.341
0.493
0.453
0.120
0.660
-0.640
-0.687
0.532
-0.184
-0.843
0.471
-0.447
0.364
-0.223
-0.740
-0.308
0.323
0.576
-0.185
0.853
0.482
0.765
-0.829
0.194
0.125
-0.070
0.252
0.904
-0.096
0.438
-0.591
0.462
0.111
-0.322
-0.587
0.801
0.498
0.421
-0.123
0.241
-0.581
-0.021
-0.770
0.029
0.481
0.724
0.381
-0.963
0.164
-0.748
-0.402
-0.657
-0.692
-0.732
0.306
0.393
-0.565
0.998
0.181
-0.606
-0.935
-0.501
0.951
0.268
-0.667
0.401
0.200
0.422
0.714
-0.871
-0.870
-0.935
0.173
0.374
0.512
0.948
0.010
-0.394
-0.149
-0.857
0.545
-0.812
0.042
-0.594
0.527
0.701
-0.545
-0.406
0.487
-0.210
0.523
0.191
-0.500
-0.148
-0.935
-0.298
0.865
-0.570
0.547
-0.605
-0.146
-0.994
0.118
0.496
0.835
0.939
0.329
0.726
-0.550
0.642
0.063
-0.649
-0.797
-0.943
-0.628
0.133
-0.518
0.809
0.972
-0.362
0.538
-0.600
0.577
-0.573
0.461
0.183
0.709
0.090
0.818
0.939
0.004
0.458
0.186
0.044
0.599
0.928
-0.767
-0.600
-0.703
-0.490
0.430
-0.313
0.993
-0.248
0.377
0.471
0.260
0.144
-0.985
0.150
-0.307
0.935
0.336
0.735
0.564
-0.588
-0.362
-0.690
0.153
-0.032
0.341
-0.665
-0.741
-0.984
-0.725
-0.114
0.944
0.634
-0.404
0.099
0.914
0.471
-0.100
0.368
-0.569
0.981
0.000
-0.337
0.442
-0.675
0.587
0.531
0.408
-0.598
0.662
-0.072
0.437
-0.388
0.144
0.890
-0.373
-0.188
0.512
-0.921
0.054
0.037
0.014
0.692
-0.958
0.955
0.331
-0.943
0.492
0.205
-0.908
0.912
-0.752
0.431
0.621
0.098
-0.260
-0.938
-0.256
0.323
-0.360
-0.469
-0.808
0.007
-0.655
0.954
0.193
-0.389
0.425
-0.241
0.502
-0.598
0.527
-0.433
0.836
-0.615
0.720
0.695
0.359
-0.193
0.919
0.178
0.758
0.564
0.083
0.411
-0.013
0.042
-0.643
0.087
0.042
-0.611
-0.152
0.954
-0.109
0.618
-0.855
-0.840
-0.772
0.573
0.355
-0.875
-0.809
-0.789
-0.570
0.935
-0.444
0.896
-0.823
-0.044
0.082
-0.631
0.054
0.611
0.771
-0.318
0.632
0.709
-0.654
-0.932
0.674
0.087
0.069
0.669
0.235
-0.399
-0.530
-0.001
-0.769
-0.534
-0.977
-0.609
-0.668
-0.391
0.114
-0.354
0.514
0.183
0.342
-0.489
0.557
0.298
0.711
-0.203
0.257
0.529
-0.143
0.611
0.122
0.274
0.567
-0.686
-0.401
0.034
0.031
0.412
0.918
-0.035
-0.868
-0.994
0.926
0.271
-0.008
0.309
-0.350
0.604
0.919
0.103
-0.827
0.219
-0.282
-0.621
-0.323
-0.006
0.186
0.695
0.251
0.062
0.102
-0.814
0.091
-0.677
0.475
0.281
0.896
-0.718
-0.254
0.547
-0.999
0.784
0.287
0.909
0.728
-0.960
-0.705
0.240
-0.288
0.410
-0.112
-0.165
0.480
-0.695
0.187
0.366
0.210
0.281
0.088
-0.951
0.856
-0.100
0.416
-0.504
0.508
-0.496
-0.020
-0.522
0.164
-0.114
0.993
0.394
0.709
-0.520
0.287
-0.228
0.512
0.879
-0.855
0.726
0.802
-0.141
0.917
0.775
0.696
0.751
0.308
-0.711
0.052
-0.967
-0.584
0.966
0.210
-0.972
-0.577
0.280
0.709
0.390
-0.256
-0.463
-0.421
0.396
0.275
0.091
0.381
-0.296
0.594
0.114
-0.483
0.146
-0.208
0.394
-0.383
0.874
0.687
0.463
-0.981
0.601
-0.565
0.021
-0.277
0.603
-0.607
-0.168
0.299
0.340
0.820
-0.100
-0.999
-0.334
0.414
-0.909
-0.675
-0.077
0.602
0.763
-0.530
-0.501
-0.214
-0.061
-0.494
0.474
-0.370
0.641
-0.532
-0.700
0.741
0.315
0.210
0.001
-0.034
0.389
-0.054
0.774
0.880
-0.522
-0.539
-0.813
-0.114
-0.890
-0.270
0.434
0.669
-0.036
-0.997
-0.466
0.779
0.066
0.400
0.048
-0.253
0.358
-0.295
0.197
0.363
0.336
0.315
0.910
-0.443
-0.377
0.682
0.263
-0.474
0.209
-0.834
-0.385
0.486
0.569
0.679
0.387
0.658
0.390
-0.246
-0.513
-0.627
0.579
-0.871
0.101
0.620
0.394
0.423
0.001
0.483
-0.061
-0.297
0.903
0.926
0.993
-0.354
-0.764
0.259
0.644
0.876
0.785
-0.481
-0.982
0.748
-0.821
0.571
-0.774
0.178
0.782
0.522
-0.545
-0.400
0.124
0.471
-0.536
0.697
0.868
0.134
0.611
-0.369
-0.583
-0.912
-0.961
-0.205
-0.802
-0.424
-0.530
-0.722
0.781
0.349
0.749
-0.528
0.171
-0.913
0.270
0.196
0.194
0.175
-0.034
-0.443
0.656
0.605
0.979
0.960
-0.696
-0.240
0.284
0.112
-0.407
-0.874
-0.682
0.268
-0.478
0.100
-0.206
0.579
0.092
0.460
0.622
0.253
-0.524
0.947
0.725
0.252
0.639
0.573
-0.792
-0.190
0.365
-0.374
-0.048
-0.899
0.009
0.763
-0.102
0.597
-0.582
0.955
0.910
0.409
-0.562
0.344
-0.705
-0.530
-0.328
-0.280
0.323
0.598
-0.698
-0.405
-0.609
-0.845
0.116
0.838
-0.141
0.924
0.665
0.931
0.832
0.583
-0.903
-0.234
-0.341
0.634
-0.894
-0.810
