-0.562
0.664
-0.479
0.548
0.412
-0.490
0.849
0.344
0.681
0.564
0.547
0.831
0.627
-0.742
-0.837
0.203
0.797
0.513
0.669
0.101
0.203
0.899
0.206
-0.608
-0.059
-0.603
-0.516
-0.915
-0.379
0.680
-0.879
-0.452
0.524
-0.822
0.792
-0.298
0.458
-0.017
-0.039
-0.157
-0.169
0.582
-0.080
0.099
-0.647
0.619
-0.361
-0.688
0.049
0.087
-0.564
0.882
-0.825
0.532
-0.388
-0.760
-0.885
-0.335
-0.222
0.128
-0.758
0.949
0.999
0.237
-0.051
0.676
-0.580
0.701
-0.897
0.203
-0.454
0.408
-0.241
0.872
0.535
-0.275
-0.804
-0.447
0.994
0.193
-0.583
-0.632
-0.692
-0.386
0.580
0.908
0.756
-0.093
-0.965
0.237
-0.404
0.064
0.659
-0.938
-0.812
-0.149
0.044
0.399
-0.571
0.662
-0.957
-0.006
-0.576
-0.153
-0.163
-0.892
0.749
0.424
-0.198
-0.212
0.376
-0.512
-0.930
-0.952
0.650
-0.706
0.216
-0.894
0.648
-0.679
-0.745
-0.823
-0.828
-0.810
-0.326
0.538
-0.990
0.404
-0.217
0.099
-0.257
0.838
0.151
0.056
-0.790
-0.358
-0.218
-0.456
0.286
-0.613
-0.318
-0.381
-0.095
0.003
-0.929
-0.122
-0.995
0.205
0.632
0.828
-0.676
-0.168
-0.896
0.541
-0.679
-0.045
0.010
-0.736
-0.619
0.408
0.743
0.146
0.268
0.484
0.111
-0.792
-0.268
0.891
-0.586
-0.655
-0.829
-0.954
-0.938
-0.041
0.462
-0.721
0.580
0.620
0.009
0.631
-0.521
0.810
-0.412
-0.111
-0.596
-0.857
-0.708
0.000
-0.819
-0.334
-0.632
0.272
0.497
0.537
0.224
0.230
-0.267
-0.930
-0.647
-0.711
-0.162
0.054
0.873
0.099
-0.012
0.365
0.754
0.007
0.080
0.071
-0.076
0.247
0.716
0.728
-0.669
0.474
0.275
-0.675
-0.070
0.894
0.303
-0.392
0.501
0.853
0.259
0.983
-0.424
-0.603
-0.244
-0.198
-0.755
-0.222
0.135
0.996
0.133
0.446
0.830
0.368
0.574
0.016
0.738
-0.496
0.149
0.768
0.338
-0.271
-0.111
-0.463
0.504
-0.628
0.846
0.066
0.016
0.799
0.232
-0.540
-0.773
0.017
-0.691
0.431
0.150
-0.948
0.510
0.580
0.363
0.408
0.556
0.850
0.557
-0.979
0.485
-0.941
-0.898
-0.973
0.141
-0.808
0.393
0.517
0.163
-0.523
-0.199
0.296
-0.950
0.907
0.320
0.535
0.885
0.310
-0.461
0.675
-0.038
0.027
0.076
0.526
0.259
-0.452
-0.344
-0.026
0.242
0.688
-0.724
-0.682
-0.647
0.713
-0.602
0.471
0.191
-0.768
-0.567
0.017
0.409
0.428
0.127
0.626
0.186
0.541
0.424
-0.158
0.938
0.173
0.173
-0.556
-0.306
0.104
-0.442
-0.886
-0.482
-0.256
-0.245
-0.216
0.635
0.618
-0.880
-0.678
0.138
-0.936
-0.346
0.374
0.409
-0.114
0.655
-0.140
-0.674
-0.449
-0.986
0.778
-0.398
-0.322
-0.303
-0.647
-0.659
0.938
-0.227
0.214
0.871
-0.243
-0.150
0.456
-0.690
0.296
0.439
0.645
-0.614
-0.371
0.509
0.157
-0.858
-0.947
-0.502
-0.939
0.373
-0.911
0.407
-0.026
0.660
-0.504
0.678
0.093
0.796
0.991
-0.915
-0.896
-0.761
-0.001
-0.195
-0.017
0.347
0.727
0.952
-0.488
-0.904
-0.206
-0.006
0.905
-0.395
-0.829
0.971
-0.674
0.651
-0.278
0.455
-0.831
-0.437
0.815
0.466
-0.192
-0.908
0.779
-0.951
-0.404
-0.073
-0.248
-0.492
0.542
0.105
-0.343
-0.800
0.468
0.553
0.617
0.081
-0.250
0.161
-0.036
-0.447
-0.183
0.545
-0.539
-0.819
0.319
0.803
-0.776
-0.833
0.120
-0.321
-0.669
-0.508
-0.194
0.671
-0.722
-0.316
0.842
-0.140
0.059
0.334
0.616
-0.056
0.639
-0.639
0.101
0.778
0.054
-0.674
0.629
0.290
0.906
-0.474
0.428
-0.141
0.387
-0.802
-0.873
-0.991
0.135
-0.998
-0.607
0.605
0.463
-0.213
0.794
0.710
0.010
-0.835
0.100
0.530
0.014
-0.856
-0.053
0.215
-0.763
0.099
-0.635
0.056
0.273
-0.845
-0.927
0.249
-0.239
-0.733
-0.299
-0.619
0.220
0.607
-0.932
-0.943
-0.090
0.724
0.985
0.980
0.362
-0.617
-0.007
-0.762
-0.712
-0.558
-0.287
-0.211
0.115
0.463
-0.112
0.956
-0.804
0.206
-0.016
0.109
-0.948
-0.504
0.943
-0.207
-0.531
0.217
-0.817
-0.488
-0.550
-0.548
0.271
-0.596
-0.159
-0.075
-0.830
0.603
-0.466
-0.885
0.280
-0.244
-0.491
0.320
-0.531
-0.353
-0.887
-0.424
-0.940
-0.231
-0.789
0.251
0.464
0.116
-0.168
-0.432
0.600
-0.757
-0.424
-0.714
-0.736
0.170
0.422
0.790
0.745
-0.846
0.353
-0.487
0.160
0.674
0.381
0.752
-0.373
0.579
-0.198
0.825
0.490
-0.070
0.735
0.629
0.916
-0.393
-0.375
-0.310
0.858
-0.581
0.321
-0.396
-0.087
0.291
-0.171
0.687
0.532
-0.679
0.400
-0.775
0.586
-0.492
0.510
0.641
0.390
-0.477
0.954
0.012
-0.684
0.365
-0.789
-0.335
0.605
-0.558
-0.484
0.969
-0.282
-0.949
-0.089
0.724
-0.482
0.720
-0.871
0.419
0.632
0.307
0.351
0.124
-0.628
0.300
0.798
-0.247
-0.037
0.668
0.427
0.172
0.337
-0.342
-0.461
-0.319
0.683
-0.418
-0.060
0.036
0.828
-0.067
-0.464
-0.047
-0.269
0.153
0.434
-0.378
-0.903
0.348
0.915
-0.356
-0.699
-0.710
-0.254
-0.680
0.343
-0.367
0.576
0.396
-0.234
0.687
-0.144
-0.197
-0.015
-0.367
-0.530
0.576
-0.063
-0.128
-0.388
0.743
-0.757
-0.232
-0.478
0.998
-0.186
0.224
0.013
-0.779
0.939
0.731
0.220
-0.080
0.248
0.391
0.506
0.408
0.107
-0.343
0.798
-0.181
0.002
-0.018
-0.174
0.708
0.470
-0.290
-0.264
0.319
-0.546
0.266
-0.842
0.990
-0.144
0.326
-0.725
0.869
-0.305
0.973
0.736
0.384
-0.334
0.545
0.013
0.030
0.205
0.073
0.376
-0.858
0.219
-0.734
0.025
0.048
0.944
-0.824
0.479
-0.455
-0.800
0.349
0.391
0.021
-0.885
-0.960
-0.554
-0.944
0.533
0.308
0.291
0.049
0.028
-0.386
0.424
0.638
0.516
0.810
-0.669
-0.143
0.672
-0.630
0.250
-0.006
0.413
-0.938
0.684
-0.586
-0.146
-0.339
-0.533
-0.320
-0.302
0.580
0.653