0.895
-0.690
0.491
-0.023
0.948
-0.744
0.110
0.021
-0.207
0.793
0.191
0.377
0.485
0.769
0.800
-0.427
-0.858
0.141
0.990
-0.643
0.110
0.183
0.259
-0.861
-0.428
0.040
0.899
0.926
1.000
-0.410
-0.214
-0.894
0.640
0.374
-0.723
0.931
0.308
0.188
-0.065
0.833
0.933
0.438
-0.414
0.259
-0.946
0.458
0.249
0.826
0.348
0.168
-0.959
0.331
-0.630
-0.929
-0.710
-0.360
0.516
-0.054
-0.938
-0.883
0.484
-0.903
-0.039
-0.231
0.622
0.843
-0.008
-0.996
-0.967
-0.721
0.109
-0.369
0.925
0.235
0.419
-0.100
-0.375
-0.054
-0.427
0.714
-0.179
-0.586
0.115
0.245
0.459
0.564
-0.773
-0.665
0.869
-0.594
0.091
-0.949
-0.057
-0.166
-0.353
-0.468
-0.025
-0.635
-0.516
0.807
-0.473
0.973
0.384
-0.103
-0.455
0.835
0.015
0.929
0.834
0.159
-0.489
0.426
0.458
-0.724
0.731
0.166
-0.149
-0.451
0.772
-0.935
-0.434
0.526
-0.388
-0.495
0.762
0.892
-0.142
-0.070
-0.715
-0.281
-0.661
-0.373
0.323
0.563
-0.518
-0.382
-0.028
0.963
-0.791
0.713
0.057
-0.982
-0.198
0.306
0.850
-0.246
0.533
-0.717
-0.435
-0.427
0.827
-0.429
0.257
0.266
0.939
0.317
-0.416
-0.526
-0.779
0.855
0.501
0.454
0.906
-0.654
0.925
0.516
-0.864
-0.880
-0.486
-0.898
-0.430
0.795
0.240
0.878
-0.334
0.105
-0.565
0.889
0.093
0.613
-0.005
-0.964
-0.669
-0.121
0.755
0.068
-0.896
0.469
-0.768
0.034
-0.002
-0.205
0.707
-0.893
0.265
0.936
-0.362
-0.953
-0.660
0.895
-0.476
0.401
0.008
-0.325
0.481
-0.926
0.555
-0.435
-0.470
0.689
-0.267
0.126
0.894
0.252
0.616
0.810
0.167
0.914
0.615
-0.113
0.012
0.604
0.718
0.003
0.109
0.438
-0.259
0.125
0.506
-0.949
-0.466
0.125
-0.069
-0.477
0.853
-0.656
-0.328
-0.098
-0.981
0.517
-0.302
0.310
0.249
-0.113
-0.350
-0.682
0.969
0.830
-0.576
-0.234
-0.246
-0.589
0.426
0.089
0.127
0.231
-0.599
-0.239
-0.041
0.384
-0.695
0.891
-0.895
-0.693
0.382
-0.982
0.809
-0.480
0.624
-0.258
-0.831
0.026
-0.501
0.552
-0.726
-0.382
-0.721
0.821
0.732
-0.713
-0.067
0.374
-0.567
0.367
0.413
-0.882
-0.821
0.954
-0.733
0.002
-0.626
-0.340
0.599
0.125
0.528
0.481
-0.335
0.191
0.795
-0.565
-0.611
0.683
-0.117
0.964
-0.549
0.577
0.900
0.377
0.949
0.072
-0.632
-0.761
-0.745
-0.062
0.926
-0.024
0.016
0.669
-0.351
0.902
0.114
-0.119
0.696
-0.576
0.261
-0.857
0.812
0.861
0.878
0.062
-0.027
-0.060
-0.863
-0.204
-0.617
-0.709
0.537
0.857
-0.962
0.671
-0.081
-0.316
-0.258
0.593
-0.486
0.423
0.052
-0.590
0.806
0.043
-0.298
-0.881
0.510
-0.811
-0.377
0.626
0.542
-0.501
0.833
-0.370
0.963
0.289
0.428
0.010
-0.701
0.366
-0.027
0.122
-0.212
-0.076
0.739
0.649
-0.756
0.027
0.679
0.317
0.477
0.877
0.789
0.661
-0.947
-0.187
-0.711
-0.640
0.160
0.439
-0.189
-0.715
0.319
0.927
0.831
-0.970
0.732
-0.380
0.187
-0.185
-0.349
-0.502
0.946
0.448
0.439
0.953
-0.188
0.935
0.853
0.146
-0.582
-0.263
-0.502
0.816
0.215
0.375
-0.487
-0.780
-0.485
-0.186
-0.594
0.805
-0.722
0.577
0.113
0.195
0.707
-0.926
-0.100
0.737
-0.376
0.638
-0.030
-0.337
-0.483
-0.998
0.827
-0.538
0.360
0.298
-0.280
-0.257
0.535
0.204
-0.726
0.630
-0.222
-0.436
0.785
-0.234
0.369
-0.511
0.943
-0.385
-0.578
0.403
0.502
0.686
-0.609
0.602
0.354
0.276
0.089
-0.895
0.979
0.406
0.290
-0.530
-0.832
-0.986
0.061
-0.265
0.099
0.874
-0.728
0.702
-0.205
-0.421
0.532
0.408
0.098
0.150
-0.184
0.006
0.524
-0.850
-0.672
-0.010
-0.533
0.979
0.768
0.045
-0.598
0.657
-0.622
0.145
-0.062
-0.294
-0.386
-0.328
-0.785
0.728
0.759
0.910
0.200
0.046
-0.249
-0.821
0.873
-0.685
0.610
0.986
-0.266
0.409
-0.213
0.797
0.849
-0.202
-0.062
-0.557
0.177
0.764
0.077
0.761
0.280
-0.344
-0.117
-0.659
-0.877
-0.666
-0.796
0.172
-0.803
0.410
0.260
0.584
0.248
0.337
0.270
0.936
-0.959
0.042
0.336
-0.751
0.867
-0.815
0.465
-0.281
0.516
0.239
-0.983
-0.192
0.122
-0.676
-0.468
-0.653
-0.183
0.239
0.903
-0.523
0.729
-0.712
0.067
0.359
0.301
0.321
0.406
0.854
0.552
0.967
0.466
-0.679
0.490
0.267
0.378
-0.903
0.106
-0.923
0.688
0.701
-0.989
-0.225
0.017
0.317
-0.444
-0.931
-0.589
-0.730
0.862
0.963
0.515
0.431
-0.543
0.974
-0.129
0.048
0.044
-0.890
0.353
-0.053
0.778
-0.479
-0.741
-0.796
-0.891
0.316
-0.543
-0.261
0.025
0.013
0.520
0.374
0.956
0.631
-0.356
0.929
-0.288
0.147
-0.091
0.914
0.774
-0.980
-0.011
0.971
-0.307
0.768
-0.380
0.949
-0.366
0.854
0.729
0.860
-0.644
0.119
-0.657
-0.623
0.504
-0.085
-0.492
0.640
0.468
-0.779
0.845
0.380
0.765
0.267
0.602
-0.802
0.264
-0.024
0.909
0.771
-0.951
-0.007
-0.911
0.925
-0.717
-0.689
0.488
-0.851
-0.552
-0.080
0.920
-0.741
-0.719
0.106
0.538
0.802
0.766
-0.130
0.645
0.728
0.691
0.552
-0.132
-0.143
-0.953
0.938
-0.285
-0.649
-0.008
0.937
0.570
0.137
-0.888
-0.964
-0.878
-0.009
0.373
0.048
-0.147
0.938
-0.916
0.295
0.022
-0.710
0.875
-0.877
-0.056
0.063
-0.663
0.527
-0.279
0.333
-0.967
0.182
-0.355
-0.453
0.239
0.290
-0.727
0.648
-0.871
0.144
0.945
-0.950
-0.635
0.700
-0.958
-0.944
-0.353
0.294
-0.668
-0.302
0.599
-0.028
-0.959
0.167
0.953
0.131
-0.686
0.626
0.740
0.017
-0.300
-0.007
0.004
-0.253
-0.263
0.137
0.801
-0.375
-0.210
0.404
-0.693
0.777
0.902
0.281
-0.440
0.473
0.037
0.486
0.161
-0.777
-0.962
-0.918
0.127
-0.558
-0.315
0.206
