-0.016
-0.020
0.038
-0.011
-0.047
0.040
-0.088
-0.012
-0.022
-0.086
-0.020
-0.099
-0.062
-0.066
0.027
0.034
-0.084
-0.071
-0.007
0.058
0.040
0.034
-0.040
-0.019
-0.025
-0.038
-0.006
0.060
0.002
0.063
0.002
0.068
0.086
0.047
-0.099
0.092
0.026
-0.017
0.064
0.059
-0.029
0.010
-0.002
-0.055
-0.050
0.055
-0.009
-0.088
-0.057
-0.019
-0.061
-0.055
0.031
0.056
0.069
0.044
0.027
-0.000
0.000
-0.045
-0.049
0.015
0.041
-0.081
0.052
0.079
-0.012
-0.041
-0.086
-0.022
-0.081
0.060
-0.004
0.033
0.071
0.029
-0.054
0.068
0.094
-0.000
0.025
0.002
0.030
0.096
0.084
0.039
0.054
-0.060
-0.033
-0.085
-0.012
-0.005
0.090
0.038
0.049
0.096
0.069
0.075
-0.039
0.080
0.058
-0.006
0.075
0.015
-0.047
-0.037
-0.080
-0.069
-0.001
-0.045
0.067
-0.013
-0.025
-0.071
-0.009
-0.090
0.059
-0.061
0.100
0.014
-0.030
-0.020
0.094
0.063
-0.005
-0.044
0.070
-0.043
0.089
0.081
-0.054
0.089
0.051
0.033
0.035
0.044
0.098
-0.096
-0.069
0.007
-0.065
-0.044
0.003
0.018
0.077
0.001
-0.068
-0.090
0.041
-0.095
-0.039
0.025
0.023
0.095
0.025
0.071
-0.035
0.041
0.008
0.000
0.088
0.084
0.084
0.088
-0.044
0.082
0.023
0.011
-0.083
0.017
-0.012
0.039
-0.053
-0.061
-0.061
-0.051
0.039
0.049
-0.066
0.007
0.080
0.077
0.039
0.079
0.086
0.048
0.062
-0.030
-0.079
0.057
0.014
-0.080
-0.082
0.044
0.047
0.099
-0.038
0.093
-0.008
-0.022
0.026
0.069
-0.096
-0.087
0.045
0.050
0.058
-0.064
0.080
0.035
-0.004
0.058
0.007
0.078
-0.014
0.092
-0.072
-0.044
0.038
-0.004
-0.031
-0.022
0.028
-0.010
0.002
-0.009
-0.009
-0.017
-0.076
0.090
0.030
0.097
0.007
0.008
-0.031
0.051
-0.060
0.006
0.028
0.025
-0.024
0.076
0.014
-0.006
0.024
0.011
-0.029
-0.034
0.061
-0.063
0.079
0.086
-0.099
-0.088
-0.088
-0.054
0.028
0.053
-0.015
0.009
0.050
0.031
-0.079
0.075
-0.059
0.035
-0.031
-0.081
0.077
-0.022
0.080
-0.042
-0.094
-0.096
0.010
0.054
-0.068
-0.028
-0.088
-0.090
-0.055
-0.060
0.047
-0.022
0.005
-0.093
-0.023
-0.080
-0.039
0.068
-0.059
-0.014
0.013
0.020
0.096
-0.020
-0.080
0.012
-0.012
-0.069
0.047
0.003
-0.014
-0.028
0.019
-0.028
-0.073
-0.093
0.049
-0.084
0.004
0.080
-0.055
0.055
0.006
-0.045
0.056
0.094
-0.036
0.034
-0.091
-0.044
0.022
0.031
-0.094
-0.046
0.076
-0.029
-0.007
0.077
-0.019
0.028
0.073
0.033
0.082
0.041
-0.087
0.074
0.060
0.069
-0.054
0.081
-0.039
0.058
0.073
-0.088
-0.015
0.015
0.075
0.063
0.044
-0.060
0.021
-0.067
0.063
-0.025
-0.064
-0.014
-0.048
-0.097
0.005
-0.089
-0.047
0.056
0.050
-0.060
-0.054
-0.023
0.005
0.005
-0.025
0.075
0.016
0.065
0.006
0.045
-0.010
0.073
-0.080
0.065
-0.061
-0.070
0.042
0.063
0.067
-0.084
0.090
0.064
-0.007
0.056
-0.055
-0.027
0.004
0.042
-0.030
0.052
-0.039
-0.039
0.044
0.004
-0.041
-0.082
-0.054
0.071
0.059
0.051
0.044
0.061
-0.055
0.023
-0.074
0.077
-0.028
-0.046
-0.060
-0.082
0.052
0.079
0.067
-0.015
0.034
-0.072
0.025
-0.089
-0.045
0.001
-0.004
0.002
-0.029
0.041
-0.058
0.028
0.035
0.069
-0.059
-0.026
-0.006
-0.039
-0.099
0.080
-0.054
0.036
0.053
0.064
-0.048
-0.084
-0.048
0.009
0.027
0.091
-0.071
0.040
-0.013
-0.017
0.042
-0.076
-0.074
0.037
0.072
0.044
0.080
0.029
-0.071
0.050
-0.075
0.034
-0.052
0.053
-0.021
-0.008
0.040
0.005
-0.073
-0.076
0.002
-0.083
0.078
0.016
-0.073
0.090
-0.050
0.066
0.087
-0.049
-0.036
0.092
0.096
-0.011
0.074
-0.093
0.088
0.080
-0.032
0.044
0.057
0.080
-0.012
0.096
-0.029
0.003
0.033
0.037
0.093
0.092
-0.026
0.075
-0.004
-0.050
0.036
-0.000
0.094
0.009
0.062
0.070
0.022
-0.066
0.050
0.030
-0.003
-0.006
0.059
-0.051
0.042
-0.015
-0.067
0.065
-0.016
-0.057
-0.090
0.062
-0.090
-0.084
0.021
0.057
-0.059
0.098
-0.036
-0.033
0.072
-0.013
0.052
0.072
-0.056
-0.038
0.040
-0.070
-0.042
-0.068
0.095
-0.043
-0.050
-0.084
0.046
-0.040
-0.033
-0.013
-0.002
-0.059
0.033
-0.086
0.015
-0.023
0.073
-0.087
-0.009
-0.074
0.001
-0.099
0.009
0.002
0.032
-0.001
-0.070
-0.022
-0.090
-0.016
0.031
-0.096
0.039
0.050
-0.005
-0.010
-0.039
0.044
0.058
0.086
-0.058
0.086
0.026
-0.041
0.071
-0.037
-0.061
0.082
-0.007
0.011
0.026
-0.086
-0.073
-0.099
-0.099
-0.050
-0.094
-0.001
-0.061
0.048
0.059
0.013
-0.017
-0.018
0.024
0.052
0.052
0.027
0.082
0.023
0.046
0.099
0.006
0.038
-0.056
-0.004
0.058
-0.079
0.083
0.075
0.044
-0.078
-0.094
0.056
0.083
-0.065
0.043
0.011
0.081
-0.028
-0.080
0.100
0.007
-0.043
0.038
0.065
0.015
0.078
-0.096
-0.008
-0.022
0.044
0.066
-0.051
-0.058
-0.061
-0.070
-0.079
0.054
-0.087
0.025
0.025
0.062
-0.029
0.034
0.084
0.067
-0.081
-0.053
-0.029
-0.087
-0.038
0.075
0.099
0.092
-0.090
0.065
-0.011
0.059
0.039
-0.044
0.007
-0.009
-0.043
0.092
0.083
0.048
-0.054
-0.064
0.015
0.040
0.062
-0.008
0.099
0.037
-0.087
-0.064
-0.028
-0.092
-0.023
-0.049
0.085
0.089
-0.041
0.089
0.058
-0.072
0.018
-0.019
-0.014
0.002
-0.007
0.043
0.027
-0.065
0.091
0.065
-0.077
-0.065
0.041
0.094
-0.051
0.007
0.080
0.074
0.089
0.006
0.059
0.044
-0.077
-0.080
0.091
0.100
-0.024
0.028
0.002
-0.081
-0.094
-0.055
-0.099
0.098
-0.017
0.045
-0.032
0.061
0.008
-0.096
0.019
-0.050
-0.095
-0.032
0.073
0.047
-0.075
-0.027
0.028
-0.069
-0.011
-0.055
-0.086
