0
0
0
0
0
0
0
1
6
11
21
31
41
55
70
86
105
126
151
180
202
213
243
278
150
153
8
0
2
0
0
3
8
17
30
32
49
69
94
61
31
50
75
105
74
102
132
87
105
127
156
177
202
227
254
286
325
266
297
332
372
56
78
107
138
174
215
227
76
100
130
160
42
63
37
57
82
103
133
168
205
96
106
138
174
215
260
310
248
285
97
123
137
166
35
48
67
32
42
57
76
29
0
1
8
18
28
5
13
17
30
46
66
86
83
9
17
31
47
67
57
72
87
107
24
0
5
3
10
13
18
23
33
33
41
51
61
75
90
105
127
153
183
218
255
300
345
285
327
347
383
427
476
528
584
585
478
515
555
583
618
657
688
0
3
26
53
83
19
31
48
47
57
71
91
115
141
173
208
243
285
330
381
437
498
563
632
706
783
863
943
1023
716
779
850
925
437
483
547
620
196
253
317
387
417
480
547
618
693
634
697
764
798
859
924
994
1066
1145
1196
1273
614
666
711
41
75
127
182
240
214
272
324
384
444
508
575
392
370
421
477
537
598
666
582
634
694
754
101
131
166
207
230
270
39
60
27
48
63
87
116
149
184
220
260
303
352
223
254
296
341
373
423
476
531
219
262
312
340
390
420
465
515
109
136
181
227
212
174
9
0
4
9
20
37
57
79
108
138
173
209
124
76
95
115
142
174
194
224
257
246
276
306
336
366
397
437
477
517
557
602
595
642
672
717
762
810
861
903
942
994
1041
1091
1142
288
32
58
97
146
127
154
194
234
248
43
2
16
41
71
101
131
161
196
236
268
72
90
115
25
42
62
82
104
133
163
198
224
122
43
53
68
88
93
97
116
139
167
198
43
59
85
118
54
80
112
148
188
232
100
123
159
176
216
256
301
200
224
242
270
288
319
348
378
410
447
440
7
13
30
50
32
47
62
79
82
102
112
132
157
168
181
206
234
268
303
343
388
435
488
543
605
511
512
539
572
611
653
682
727
13
29
43
83
51
21
40
17
27
23
33
43
58
73
89
111
136
163
158
183
79
101
94
123
155
191
232
266
311
363
285
300
335
375
423
473
525
117
150
177
210
237
267
130
117
146
147
167
147
164
188
213
238
263
293
326
363
403
410
450
490
534
583
542
587
635
646
696
750
11
25
36
61
94
132
138
173
214
249
291
340
390
440
336
377
33
48
67
65
89
114
146
181
225
274
192
227
267
300
343
384
429
479
534
591
649
709
378
417
471
526
591
656
726
798
762
773
831
875
917
971
1036
125
103
133
126
167
192
242
295
352
273
295
331
363
27
34
67
106
147
195
248
287
164
194
216
246
278
230
257
287
322
362
405
452
502
555
613
678
197
220
246
283
328
381
436
370
423
405
449
494
539
591
501
533
13
26
41
56
77
107
142
178
123
155
183
57
72
92
102
125
150
150
179
212
248
288
333
87
113
136
92
2
6
11
21
3
9
19
34
54
74
95
120
149
125
151
116
134
154
18
31
50
75
70
96
128
163
168
201
236
273
313
354
232
272
312
354
399
448
503
563
625
492
543
558
603
636
687
744
804
864
927
925
971
1028
1088
1152
1073
1124
1179
1234
1294
1359
1426
1497
1540
88
54
103
168
146
201
256
311
371
437
509
584
165
125
164
218
151
175
219
272
327
370
264
294
334
374
414
454
494
534
574
489
514
539
564
589
614
0
2
7
12
17
22
27
32
37
42
47
0
0
0
0
0
