0.017
-0.535
-0.471
0.339
0.423
-0.616
-0.214
0.027
0.844
-0.499
-0.320
-0.491
0.116
0.070
-0.060
0.458
-0.046
0.603
0.530
0.382
-0.066
0.773
-0.320
-0.086
-0.774
0.548
-0.657
-0.061
0.195
0.823
-0.040
0.007
0.713
-0.483
-0.388
0.069
-0.882
-0.229
-0.709
0.295
-0.772
-0.388
-0.877
-0.147
0.802
-0.330
-0.759
0.964
-0.675
-0.183
0.737
-0.141
-0.353
-0.714
-0.137
-0.396
-0.009
0.103
0.868
-0.622
-0.709
-0.073
-0.803
0.651
0.182
-0.990
0.458
0.217
-0.336
-0.688
0.519
0.689
-0.390
-0.449
0.502
0.966
0.853
-0.494
0.944
-0.456
0.555
-0.475
-0.816
-0.418
-0.966
0.276
0.243
-0.598
0.210
-0.851
0.170
0.890
0.946
0.957
-0.984
-0.770
0.749
-0.853
0.028
-0.953
0.053
0.506
-0.457
-0.589
0.398
0.390
0.018
-0.772
0.361
-0.578
0.120
-0.021
0.339
-0.498
-0.248
0.233
0.896
-0.659
0.384
-0.650
-0.552
-0.919
-0.044
-0.400
-0.356
0.373
0.619
0.187
-0.604
-0.367
-0.528
0.877
-0.770
0.929
1.000
-0.225
0.663
-0.973
0.956
0.172
0.401
0.033
0.089
0.269
0.641
-0.576
0.040
0.887
0.973
0.990
-0.471
-0.512
-0.079
0.326
-0.464
0.607
0.325
0.504
0.749
-0.089
0.228
-0.434
-0.174
0.365
0.117
-0.181
-0.918
0.863
-0.482
0.535
-0.907
-0.223
0.313
0.199
0.288
-0.136
-0.659
0.841
-0.934
0.901
-0.186
0.480
0.643
-0.366
-0.375
0.633
0.857
0.880
-0.066
-0.934
-0.558
-0.698
-0.017
0.757
0.609
-0.709
0.645
-0.222
0.857
0.124
-0.275
-0.187
-0.117
0.155
0.909
-0.097
-0.191
0.780
0.363
0.390
-0.147
-0.965
-0.216
0.263
-0.205
-0.373
0.067
0.113
0.989
-0.883
0.287
-0.744
-0.689
0.283
-0.836
0.826
0.537
0.171
-0.937
0.379
0.448
0.392
0.283
0.005
0.066
-0.035
0.495
-0.716
0.898
0.617
0.702
-0.082
0.294
-0.796
0.759
-0.558
0.293
0.257
0.129
-0.928
-0.986
-0.844
-0.088
0.121
-0.952
0.104
0.152
0.693
-0.843
0.278
-0.075
0.220
-0.950
-0.543
0.473
-0.784
-0.748
-0.211
0.840
0.058
0.757
0.493
0.141
-0.047
-0.923
-0.983
0.108
0.510
0.036
-0.705
0.127
0.888
0.947
-0.913
0.546
0.684
0.875
0.205
0.127
-0.068
0.656
-0.380
0.915
-0.364
0.690
-0.705
0.272
-0.623
0.967
0.547
-0.962
0.901
0.246
0.716
0.989
-0.603
-0.596
-0.727
-0.383
-0.815
0.599
-0.436
-0.348
-0.803
0.756
0.492
-0.026
0.857
-0.866
-0.574
-0.379
-0.435
-0.054
0.839
-0.647
-0.382
-0.575
0.307
-0.616
0.970
0.377
-0.380
-0.756
0.446
0.971
-0.869
0.949
-0.676
0.266
-0.750
-0.043
0.438
0.193
-0.663
0.154
0.268
0.089
0.023
0.936
-0.357
0.176
-0.377
-0.758
0.183
0.503
0.883
-0.548
0.476
0.472
0.866
0.423
0.699
-0.518
0.984
-0.034
-0.906
0.308
-0.247
0.419
0.002
0.412
-0.010
-0.206
0.391
-0.023
-0.533
-0.951
-0.669
0.425
-0.662
0.103
-0.739
0.385
0.883
-0.962
0.086
-0.069
-0.153
-0.962
-0.837
-0.764
-0.187
0.804
0.156
0.363
0.183
0.977
-0.028
0.046
0.650
0.782
0.858
0.234
-0.849
-0.162
0.535
-0.861
-0.987
0.093
-0.462
-0.875
0.048
0.362
0.742
-0.380
-0.303
-0.803
0.582
0.371
-0.581
-0.424
0.243
-0.627
0.582
-0.143
0.374
-0.501
0.341
-0.698
0.242
0.307
-0.754
-0.324
0.298
0.628
-0.591
-0.052
-0.012
-0.225
0.712
-0.714
-0.842
0.064
-0.156
0.406
0.333
0.160
0.087
-0.628
-0.171
0.959
0.596
-0.113
-0.426
-0.080
0.764
-0.001
-0.092
-0.415
0.852
-0.164
-0.819
-0.565
-0.686
-0.267
-0.515
0.425
-0.909
-0.784
0.704
0.256
0.192
0.006
-0.107
-0.837
0.739
-0.412
0.567
0.579
0.453
0.272
0.548
-0.796
-0.399
0.753
-0.842
-0.260
0.990
-0.066
0.697
-0.987
-0.606
0.813
-0.732
-0.310
-0.748
0.955
0.813
0.551
-0.593
-0.891
0.110
-0.464
0.039
-0.547
0.946
-0.857
-0.402
-0.786
0.530
0.092
0.905
-0.614
-0.552
0.851
0.542
0.993
-0.951
-0.916
0.799
0.268
0.001
0.729
0.034
-0.855
0.486
0.588
-0.124
0.106
-0.695
0.016
-0.559
0.786
-0.460
0.566
-0.019
-0.692
0.545
0.196
-0.153
-0.949
-0.728
0.054
0.784
0.129
-0.596
-0.641
0.704
0.535
-0.590
-0.588
0.358
-0.030
0.532
0.686
-0.753
0.579
0.535
0.266
0.984
0.523
-0.753
0.381
-0.304
-0.368
0.788
-0.453
0.659
-0.034
-0.429
-0.016
0.178
0.664
0.340
0.812
0.417
0.925
-0.624
-0.178
-0.266
-0.597
-0.019
-0.930
0.315
-0.036
-0.450
0.450
-0.501
-0.850
-0.727
0.290
0.633
-0.639
-0.499
0.831
0.208
-0.707
0.822
0.353
-0.450
-0.051
0.325
-0.435
0.228
-0.086
-0.941
-0.939
0.735
0.171
0.187
-0.924
0.623
0.746
0.733
-0.849
0.448
0.876
-0.903
-0.126
0.110
0.337
-0.219
-0.843
0.799
0.068
0.627
-0.353
-0.902
0.967
-0.489
-0.431
0.085
-0.114
-0.170
0.714
-0.234
0.863
0.945
0.301
0.580
0.519
0.820
0.107
-0.086
0.857
0.374
-0.863
-0.517
0.636
0.338
-0.623
-0.936
-0.722
0.798
0.199
0.553
-0.941
0.607
-0.573
-0.909
0.639
0.308
0.423
-0.454
-0.797
0.048
0.087
-0.080
0.920
-0.691
-0.825
-0.542
-0.047
0.301
-0.589
0.241
-0.652
0.097
-0.289
0.144
-0.453
0.356
-0.423
-0.245
-0.780
0.613
-0.037
0.375
-0.632
0.612
0.781
-0.996
-0.508
-0.813
-0.231
-0.569
-0.866
-0.403
0.441
-0.788
-0.985
-0.349
0.749
0.293
-0.667
0.712
0.869
0.588
0.682
0.172
-0.237
0.893
-0.394
-0.089
0.040
0.468
-0.354
0.439
-0.282
0.525
-0.019
-0.468
0.951
-0.467
-0.938
-0.376
0.074
-0.141
-0.148
0.336
-0.070
0.551
-0.319
0.148
0.171
-0.434
0.244
-0.690
0.207
-0.092
-0.705
0.166
-0.334
0.430
0.504
0.115
0.206
-0.258
-0.671
0.972
-0.312
-0.832
0.803
-0.864
0.855
0.375
