0.174
-0.024
0.968
-0.255
-0.209
0.055
-0.839
0.259
0.245
-0.126
0.785
-0.860
-0.989
0.746
-0.340
0.033
0.784
0.293
0.326
0.733
-0.784
-0.240
-0.178
0.378
-0.652
-0.625
-0.546
-0.234
-0.102
0.334
0.203
0.351
-0.465
0.382
0.548
-0.461
-0.000
0.817
0.242
-0.912
-0.635
0.753
0.282
0.593
0.168
-0.910
-0.933
-0.192
0.528
0.711
0.422
0.816
-0.369
-0.883
-0.536
0.443
0.144
0.567
0.767
-0.469
0.694
0.305
0.109
-0.954
-0.598
-0.562
0.073
0.551
-0.294
-0.074
0.626
-0.769
0.332
0.207
-0.224
-0.972
0.289
0.112
0.263
0.333
-0.896
-0.603
-0.470
0.701
-0.643
-0.054
-0.628
0.078
0.480
-0.339
-0.702
0.466
0.582
0.864
0.082
-0.816
0.462
0.378
-0.750
-0.723
-0.963
-0.184
-0.968
-0.945
0.667
-0.366
-0.188
0.380
0.603
0.503
-0.177
-0.860
-0.491
0.018
-0.452
-0.501
0.267
-0.849
-0.147
0.271
-0.876
0.736
0.370
-0.697
0.734
-0.563
-0.984
-0.047
0.616
-0.345
0.730
0.633
0.945
-0.367
0.658
-0.774
0.195
0.047
0.371
0.520
-0.896
0.305
-0.046
0.143
-0.819
0.557
0.483
0.952
0.622
0.889
-0.014
-0.921
0.695
-0.447
-0.061
-0.185
-0.607
0.861
0.918
-0.735
-0.587
-0.461
0.307
-0.124
0.434
-0.296
-0.355
0.909
0.313
0.303
0.374
-0.127
0.176
-0.780
-0.957
-0.700
-0.641
-0.123
-0.893
-0.162
-0.796
-0.560
-0.086
0.208
-0.288
0.215
0.899
-0.767
0.581
-0.906
0.285
0.796
-0.232
-0.858
-0.093
-0.809
-0.531
0.371
0.434
0.869
-0.431
-0.168
-0.229
0.228
-0.612
0.076
0.377
0.659
0.529
-0.562
0.619
0.528
0.981
0.962
-0.144
-0.940
0.740
0.435
-0.977
0.602
-0.423
0.317
-0.399
0.397
0.388
-0.879
0.648
0.013
-0.847
0.216
-0.589
0.781
0.620
-0.352
0.356
0.246
0.078
-0.499
0.719
-0.282
-0.766
-0.364
0.273
0.646
-0.319
0.992
0.446
-0.106
-0.774
-0.684
-0.227
-0.731
0.435
-0.027
-0.887
-0.831
0.388
0.188
0.967
0.952
0.345
-0.113
-0.263
0.905
-0.427
0.314
-0.669
0.324
0.957
0.685
0.890
-0.374
0.196
0.024
0.699
0.239
-0.348
0.338
0.966
-0.122
0.400
-0.068
0.230
-0.385
-0.356
-0.906
0.658
-0.606
0.580
0.249
-0.931
0.996
-0.079
0.080
0.760
-0.832
0.987
0.690
0.110
-0.116
-0.497
-0.471
-0.542
0.998
0.754
0.889
-0.138
-0.473
-0.152
-0.403
-0.789
-0.370
-0.080
-0.398
-0.515
0.790
0.318
0.764
-0.077
-0.462
-0.452
0.233
-0.617
0.603
0.525
0.361
-0.388
0.393
-0.227
0.060
0.158
-0.957
-0.938
0.094
-0.672
-0.815
0.081
0.971
-0.617
-0.390
0.612
0.602
-0.788
-0.191
0.735
-0.120
-0.725
-0.595
0.697
0.732
0.940
0.508
0.479
-0.321
0.174
-0.670
-0.588
0.381
0.249
-0.945
-0.054
-0.820
-0.657
-0.024
0.988
0.497
-0.113
0.814
-0.170
-0.298
0.419
-0.820
-0.442
0.473
-0.001
0.759
-0.631
0.942
-0.938
-0.313
-0.120
-0.167
-0.479
-0.213
0.644
0.313
0.517
-0.414
0.108
0.667
-0.475
-0.857
-0.216
0.638
-0.164
0.540
0.359
-0.939
-0.418
0.430
-0.499
0.887
0.763
-0.661
0.838
0.531
-0.007
0.458
-0.205
0.606
0.576
0.765
-0.265
0.472
-0.470
0.295
-0.194
-0.347
-0.925
0.479
0.740
0.030
-0.778
-0.747
-0.852
-0.697
-0.682
0.419
0.528
-0.659
-0.094
0.166
-0.714
0.746
-0.135
0.702
0.675
-0.036
-0.007
-0.362
-0.481
0.860
0.196
-0.199
-0.659
0.890
0.819
0.516
-0.847
-0.231
-0.962
-0.048
-0.211
-0.400
0.173
0.251
0.999
-0.920
0.028
0.271
0.647
0.949
-0.218
0.684
0.873
0.626
0.337
-0.795
-0.436
0.991
0.364
-0.711
-0.569
-0.441
0.398
-0.971
0.576
-0.037
-0.950
0.918
0.722
-0.907
-0.351
-0.534
0.001
-0.434
0.098
0.530
-0.608
-0.761
0.150
-0.013
-0.052
0.926
-0.047
-0.980
-0.760
0.009
0.302
-0.534
0.748
-0.582
-0.368
-0.314
-0.083
-0.555
-0.341
-0.593
0.335
0.810
-0.994
-0.248
0.630
-0.534
-0.340
-0.157
0.539
-0.150
0.445
-0.226
0.068
-0.862
-0.355
-0.684
-0.384
-0.104
0.185
0.627
0.480
-0.877
-0.927
-0.392
0.530
0.758
0.658
-0.611
0.499
0.264
0.305
0.294
0.948
0.381
-0.985
-0.265
0.134
-0.975
-0.150
-0.873
-0.584
-0.036
0.329
-0.709
-0.237
-0.816
0.679
0.344
-0.474
-0.528
-0.519
-0.215
-0.516
-0.156
0.235
0.566
0.067
-0.496
0.036
-0.266
-0.037
0.467
-0.417
0.715
0.219
-0.136
0.896
-0.208
0.566
-0.449
0.001
-0.126
-0.800
0.959
0.281
-0.805
-0.824
0.265
0.213
-0.671
-0.514
-0.131
-0.197
-0.318
-0.371
-0.645
-0.012
0.508
-0.188
-0.001
0.698
-0.862
0.132
-0.649
-0.221
0.364
-0.899
-0.075
0.235
0.463
0.476
0.550
0.874
0.083
-0.668
-0.439
-0.185
-0.358
-0.370
0.034
-0.478
-0.795
0.254
-0.625
0.105
-0.439
-0.968
0.394
0.875
0.470
-0.834
0.091
0.002
-0.554
-0.022
-0.817
0.374
0.259
0.905
-0.224
-0.114
0.288
-0.550
0.837
-0.219
-0.393
0.154
-0.058
0.083
-0.699
-0.036
-0.294
-0.635
0.369
-0.146
0.994
0.590
-0.579
-0.342
0.438
0.956
0.971
0.374
0.219
-0.579
0.515
0.317
0.677
0.065
-0.296
-0.971
-0.118
0.237
-0.244
-0.943
0.661
0.675
-0.831
-0.862
-0.745
0.530
-0.791
-0.266
0.698
0.302
0.477
-0.650
0.459
0.590
-0.838
0.514
-0.685
-0.844
0.592
-0.689
0.162
-0.547
-0.156
-0.164
0.445
0.232
0.565
0.694
0.467
-0.230
0.920
-0.450
-0.165
0.250
-0.696
0.910
-0.910
0.098
0.233
-0.297
0.605
0.061
-0.913
0.529
-0.035
0.977
0.654
0.987
0.903
0.600
0.120
-0.082
-0.497
-0.480
0.744
0.461
0.048
0.948
-0.462
0.656
0.560
0.482
0.574
0.408
0.889
-0.272
0.147
-0.176
-0.374
-0.895
0.936
0.802
0.523
0.628
0.761
0.618
0.966
-0.929
-0.809
-0.138
0.489
-0.029
0.354
